3.45480802796
6.9712413478
9.26680830754
7.50876438905
4.5463857408
4.87424568654
3.85695238394
1.71650463271
2.03642343748
4.10048834735
6.13626135533
8.46919985828
5.44309283476
5.52594319846
2.85873892094
2.43401772189
0.356353494497
1.20117372274
4.5716707522
7.77355801851
12.3696649706
15.2288111213
14.6639936544
13.4498067624
12.4476171524
9.15535119794
9.38826811194
8.47017639399
8.6154571476
7.55045676837
10.7284760524
8.80062903366
6.03634498605
4.70410033166
4.49167788596
1.73705449879
3.08964890842
0.342023822984
3.22594067267
4.90865942535
7.13044793871
9.64413110359
7.79023640112
7.26536385135
7.3319836811
5.3152665376
2.20083598522
0.574818400748
1.5758753634
-0.686119530075
1.36162885794
-1.42651230394
-0.17392641397
-2.25586617509
-6.36028538094
-9.55700605482
-10.3153635136
-10.0984604889
-7.75627602058
-6.25921936123
-1.43992672754
-0.166771817195
-0.30117716301
-0.472292262432
-3.72001628587
-7.30075638395
-6.66272310057
-10.7149060936
-9.77475913978
-8.02082257528
-7.2286698319
-8.89775117545
-6.62438486395
-9.25222287005
-12.6279186124
-13.1243363301
-16.2683248077
-12.4320325588
-11.0618016159
-9.15945340247
-4.99910220967
-1.2006032545
-1.73941938425
-2.82567344514
-3.50590692722
-6.14802686667
-7.8205346081
-6.65658350397
-6.43278066054
-3.95853408686
-3.43261081983
-2.97418274476
-4.5688355705
-5.42109340389
-7.81756987211
-8.04493779667
-6.57666634908
-7.19395903876
-3.89831739381
-0.0843702927058
3.34402186585
8.07679543614
9.746765255
6.22025091946
5.80959371387
5.75788520587
1.48868104901
5.14425427654
4.24047838163
6.30633586438
6.60138629664
7.55294339721
7.22008992722
4.37503156729
3.5616046069
1.92930887007
0.229243223058
2.67578191083
5.25107580906
9.77212299411
12.5057029382
13.4830098237
15.0929655428
14.9783549749
12.168345463
10.3181292553
9.77263743242
7.1728086164
7.37184423738
9.27009272484
8.89020863974
9.21657954105
8.85480677997
7.43798633683
3.40508150825
0.357289618949
2.13664096519
0.407904124452
2.22930234775
5.06648870025
7.78960940685
8.37084586531
9.02759880024
8.88180550077
6.49763379905
3.63338494226
0.613626114357
-0.745237758384
0.496801728092
-0.0864941286222
0.886607812722
-0.603984091963
-1.17774314935
-4.13639069706
-6.68907079039
-9.18329921071
-8.68414071662
-10.1803592756
-8.00314117004
-4.96003333935
-2.09174359788
-1.88569166982
-0.457985167611
-0.978545341087
-4.29140648906
-5.16989959821
-9.22392568212
-8.83601128534
-10.5147784387
-8.1004705542
-8.78375769484
-6.41142120751
-7.70429200685
-9.7859169228
-11.2991373778
-11.671807093
-14.2333433016
-14.8874497244
-10.7359352268
-7.44179842056
-5.89898207471
-1.7977989409
-1.31275591367
-1.36653630487
-2.95272355951
-6.50839717534
-7.05148444028
-7.72146240569
-7.13630632288
-5.30503399058
-2.9721962412
-2.39062961884
-4.6060914493
-3.26242049723
-6.86508750145
-6.30755730109
-8.8039395735
-4.90981347405
-5.05042035143
-0.618985090142
4.19802152647
7.88370765067
7.2374280185
6.92817824153
5.67752626925
4.24911385679
3.43177953661
1.67859858311
2.23007637208
3.69501412916
6.14526058582
7.93196296778
7.83070422009
5.50077718757
5.18543992347
2.43703125248
0.35141553554
4.17969143507
5.80112752848
7.6333878165
12.5828512593
14.136566511
15.1165011473
13.3502388969
13.1360685028
9.57961337561
9.27833497053
6.69248694678
8.18700541805
7.34539880607
9.52481770461
8.61794486935
9.95097681032
6.61295080761
2.20234828093
1.76164516926
-2.33313961552
1.21496770909
4.56856855728
4.86140431589
8.37453159352
7.72606926456
10.971171572
10.8238758615
6.75355277077
3.85406967068
-1.13724072355
0.150280530923
-0.658724898743
3.04245054474
0.752037594966
0.3477222678
-1.0372127766
-5.04982303655
-7.96774607595
-8.29176584222
-11.4308655151
-8.2125416898
-6.98845268638
-4.08557183127
-3.28201764178
0.00903197953732
-0.172198486547
-3.65308641107
-3.91713798301
-6.7594279707
-8.07362366992
-9.35747189683
-8.14306275099
-7.8587334203
-6.9453914415
-7.98166953377
-7.09036400567
-9.56940579214
-10.5697746234
-12.4715753384
-14.4949293027
-14.189938385
-11.8058036535
-11.157596061
-4.83599978099
-1.87833362879
-0.53646424424
-1.62511513884
-2.06049840352
-4.58864014959
-8.03117782672
-6.6614985592
-7.189092844
-6.60015605558
-3.97620295037
-1.70337543491
-2.97365326265
-4.59834531437
-6.12347025065
-8.84931704895
-9.41419363424
-7.88677858624
-3.46448025462
0.31246169911
4.11180413692
7.13908306606
9.83208927811
9.00381108551
6.97733890467
5.78651421732
4.09881118537
1.93171848903
3.75149439479
6.0967054938
7.55951272296
7.03521975591
5.24173894993
3.79952931717
4.23040724613
1.99783691213
1.87746052027
4.13820905438
6.20314760095
8.44548619004
10.8712873322
13.2554094346
14.4350695901
16.1751106584
11.8344153539
11.7345812731
8.36121179731
7.47478094541
6.71610436984
7.31997904176
11.5298752035
11.4682004611
9.69891801754
7.41073532754
3.61577384273
1.57471393495
0.488249710821
1.74491565265
2.59824524559
4.43203400572
7.03359543749
10.3902798799
10.104023517
9.17502156937
6.89756083103
2.75929654648
1.98793145016
0.379479949783
1.29437909441
-3.09585282455
1.84625978983
1.41210024556
-0.182701672949
-4.81965316829
-6.78864811193
-8.7007822034
-8.70403797738
-9.41966271354
-7.51240716293
-3.93810827102
-5.07916380474
-0.0773900061669
-1.48063398578
-4.36454803534
-4.57255470573
-6.38779182571
-6.52085859541
-7.49713054397
-8.50847260112
-10.0907704513
-5.40359873181
-6.81160825185
-9.62441578325
-11.1370736608
-12.995195688
-13.0434488063
-15.0737335373
-12.6230441401
-10.0658763064
-7.43466172992
-4.98762787553
-1.19859591566
-2.18354224737
-2.70904073671
-5.12126293294
-3.54962367867
-5.72241128595
-7.77088483268
-7.40341083712
-6.63644396065
-4.86028037997
-2.87044447193
-4.38577431965
-4.39526619161
-5.82214260955
-6.98027138857
-7.78806295321
-7.35390593559
-3.84049725149
-1.27403704316
4.74069082047
6.53973113794
5.06840757056
7.17738837425
5.49869746445
4.59963755198
3.64711676445
2.13393714668
3.42136150683
5.32044045059
5.3633507209
7.02860432354
6.37680882832
7.08446199451
4.90695623849
1.81373116114
1.13691663756
0.774146392289
5.5621514609
8.24462726152
11.9146126188
13.7791427385
14.9460567081
13.9095113515
10.8804829099
9.7516462022
7.77864070759
6.45234250334
7.4605166841
8.69315174212
10.509310514
10.6449350575
7.58225584505
8.04052853659
2.69734193121
2.37488864954
-0.737574905003
0.360383753316
1.39841485594
3.65123700319
7.74254480745
9.97783289203
10.9134464302
8.79575503766
5.59422712671
4.78586846891
1.06595049272
-0.885248011392
-0.141282311026
0.199818729885
-0.56707805028
-0.259640789312
0.463708658637
-4.69445809789
-5.07204604414
-8.85006977935
-9.58965355094
-10.3577620232
-7.45084401422
-5.11880371423
-2.69088225556
-0.0928563022248
-0.340997385705
-0.73412973679
-2.79076910031
-5.35065442752
-7.39039086748
-7.6540757095
-7.95806276792
-9.11503345791
-7.91662255125
-7.08255176459
-7.19972250765
-8.84803378869
-10.5670285474
-12.3117889964
-15.5032063155
-14.8072013139
-13.185469112
-7.30051910978
-4.26994246402
-2.60310340494
-2.21521030875
-1.39040174655
-4.48167293319
-4.55938332356
-5.49614409493
-6.83929283986
-7.0803195934
-3.86760099021
-2.46738552668
-1.9927981701
-2.81541939914
-5.08153177074
-6.49310297513
-8.06631798692
-6.7600752451
-6.30554948344
-3.04488785421
0.340038164863
4.78682251622
4.6012261404
7.17516713434
7.24653780442
6.77336170628
5.8771614276
4.70560063918
2.80905784413
0.808621779177
3.55681938043
6.56479677888
7.28724515583
7.55271134397
4.79140984114
2.93264584835
2.32886852511
-0.0605347340804
2.51051001434
4.55841796804
8.61650168224
11.6110107813
14.8695211017
13.9577019
12.6265504826
12.1040095539
9.91932760066
9.82093727605
6.89924995251
6.95714293035
7.715426471
8.83816114251
10.4232025882
8.52173803228
5.79658036818
3.94887765598
-0.48434314903
0.368939205069
1.30146437951
2.7313798063
4.86821386762
7.44135783659
10.0155756139
9.06448461643
9.68849051576
6.63730210616
5.08048841644
1.17334518148
-0.936149161494
1.05737916508
1.50568375292
0.832836666961
0.942505727181
-1.06291145648
-2.31494719729
-4.500663008
-9.13222846478
-9.72484082731
-11.4247994168
-7.72212782909
-4.63123854801
-1.97687366535
-0.575825553459
0.393810442276
-2.08301699397
-4.25258125067
-6.41835460874
-7.14752257537
-9.86342873581
-8.74111144489
-8.95673670502
-7.0142232327
-7.54957412064
-8.04637269157
-8.834264511
-14.2016885183
-12.3772693292
-15.2273249691
-13.7637272938
-11.8814725242
-7.69951678998
-4.32475518505
-1.82439798505
-2.9316161542
-1.24295390408
-3.54256255579
-7.17568005923
-6.61349273449
-7.21112144385
-7.37830346489
-6.00276597326
-5.6014227227
-1.3705850444
-4.12095013727
-3.63249421246
-4.90097721086
-8.56662134479
-6.74296588508
-5.05690426791
-3.24736603543
1.02567566222
3.46910994598
8.05635424082
8.00041136988
8.2880027608
6.02159212779
5.39307340752
3.21335412981
3.73037371767
3.19253996893
5.9715903512
6.62900757279
8.78240030561
8.34496628877
6.31127315756
4.31208593854
2.50539295341
1.84720627781
2.29918733186
4.72154660771
7.59241821637
9.16429348433
15.2658842039
13.6536597771
15.1014407474
10.4997211294
10.8667429251
9.8896668051
6.35188952846
9.54614662913
8.47730478137
9.57644662974
8.78594340679
8.39238361652
6.6039984336
3.12914325735
2.46220919485
1.03539798966
-0.0369325558322
2.20606247403
5.21080468436
6.5202375688
9.69339335125
10.2323689111
10.359420719
5.59440425286
3.74455438285
1.50299282887
-1.55604768859
-2.42099525325
-1.01488652434
0.676707338389
1.88367615822
-0.0726624150137
-3.76057451168
-4.9013064497
-9.24628376761
-10.9868575899
-10.323040178
-7.6290964923
-4.24245932938
-0.970706277731
-0.617220853483
-1.62176084073
-0.317799640906
-3.45351660438
-6.5136064954
-8.5238782535
-8.67131841441
-8.36573981214
-7.23702736573
-8.62688332592
-7.53682634417
-5.70200190081
-10.790404216
-11.6666919609
-13.2908553913
-15.6889632805
-13.1062480232
-12.2309437165
-8.66474428696
-5.49904291454
-3.89189483888
-1.43474588124
-1.22942369883
-4.01173757176
-4.49904563627
-7.33174269455
-5.65168737283
-6.61751023604
-6.35546982422
-3.2850626371
-3.35535532972
-4.02203330332
-5.19485097748
-6.63684248259
-7.92945283581
-7.60437930508
-6.42822566114
-4.41433660875
1.17238940364
2.72041348267
7.26131804708
7.64522448585
8.06283634063
6.98329005446
3.12573590723
4.99361397426
3.12423482341
2.21226820427
6.58246118081
7.06374623453
8.49014424962
5.70831152245
6.06058460691
3.69146382095
2.084314101
3.35541616644
1.74259528335
6.42423218139
8.45524472522
10.8451609881
14.0888735677
12.5512193464
16.0602516749
11.7210017117
9.84427851405
8.43164301418
7.17802946326
8.02409499663
7.09016682253
9.10122708223
8.27013113406
7.80778656818
7.11853069597
3.49695031003
-0.777721392472
0.556909525641
1.9295360176
2.69108379717
4.35198485474
9.1374081505
11.8190439428
10.0312524026
8.70597871296
5.97688319069
4.18375915365
0.476030455766
0.194542445391
0.337713806558
0.619239459153
1.18583184877
1.1076272636
-0.67883524086
-3.95502757226
-5.77478735014
-8.63709876267
-11.1732569904
-9.26417657233
-10.4063699944
-4.08741024311
-3.10011672004
-1.50654797697
-2.11592003581
-1.71752939711
-3.82467238179
-6.05902310166
-7.7087451706
-9.77487416127
-7.91994998403
-7.3458561607
-7.69131017274
-6.62109705684
-9.00334560748
-9.27936481111
-11.5759055192
-13.1239996285
-13.7370950703
-14.3495394734
-11.180539
-9.35336397704
-5.24518055406
-2.67180093403
-2.59413999389
-2.61705302974
-2.88232129318
-6.42909017583
-8.11709537598
-6.61848567433
-6.08813633449
-5.1967782537
-2.29719681622
-4.07608947024
-4.16527127253
-5.96715548626
-3.7115127109
-7.8599789934
-8.24199707636
-6.31665938684
-4.4152897474
-0.330628869605
2.08714128695
7.66718965741
6.66304286639
8.00218431556
6.14752110654
3.48273333326
3.94755650951
3.3481970489
4.12717070846
3.92978296513
5.86707269227
7.25983930927
7.43376563094
4.47302703311
3.97849999781
0.431620266529
0.62968796792
2.59165341224
5.10840515513
7.35672573534
11.3440949689
15.474648596
16.2460087718
13.0747093594
11.2631182256
9.67529951564
8.62488567884
6.89218007212
7.34382004632
6.18311178726
8.46860552789
8.63476231956
7.2115930858
5.03564348809
4.09604597263
-0.389291046786
-0.111918920882
-0.246332474487
1.38732791593
4.4201155037
6.69255726771
10.0282532024
9.50657603931
9.7589571722
6.74028209292
3.61760737323
1.83866953036
0.28180861838
0.681195424085
-0.277250555725
1.41846770386
0.639456910637
-2.13172111624
-4.19702471773
-6.18685777011
-8.90451792913
-11.0622101986
-11.1678157151
-6.82146056755
-5.14145696055
-1.91833369732
-1.93246083233
-2.36043724092
0.466322208321
-4.9929940502
-4.69359678133
-8.86348599011
-9.28153301174
-8.13790598551
-7.14426825717
-6.84249143827
-7.51185880546
-8.40325559462
-8.88539125421
-14.0310752727
-14.7849861937
-14.2494073125
-14.860424255
-11.4152589197
-8.94635439254
-6.09242281475
-3.77973129088
-0.308218071183
-2.08901005237
-6.13640133161
-4.78475363626
-7.17346586318
-5.42589850163
-7.23959875579
-4.45264910722
-3.42512380256
-3.11607613053
-3.70840563922
-4.62662291092
-4.41420533594
-7.75074180775
-8.44956305808
-5.96851481675
-3.4673059574
-1.65257184138
3.66617981046
6.13179269792
7.44997493977
6.83896629878
6.78128923985
5.05423974511
2.97462426779
2.77121407943
5.438861812
4.23737096062
6.2064587072
7.0483242143
5.84278136621
4.13683777116
4.41180109487
2.35531292808
3.00889456826
2.28575474461
4.74897704737
9.0928959919
13.3031260483
13.0866703748
15.2497566057
12.7608261136
11.4578656725
9.01163167197
7.03209028696
8.80296613599
9.04464901675
7.58315311242
9.47326498705
9.97913692947
6.44243822353
4.62630934221
3.07086963125
-0.251372541295
0.0113627562259
0.579301350025
1.08522716633
4.59922822425
7.03468810662
8.80541810013
9.18905657284
9.3662064866
5.16517063445
4.16450137272
2.16172114393
-0.200737956801
-0.850054536061
1.85686515662
-0.766519822946
-0.108133096389
-1.03256043027
-3.22706228922
-5.11171720095
-9.8026007671
-8.66657242376
-10.3866726074
-7.26182349103
-3.88528846441
-2.71304354771
-0.801366658973
0.771838633966
-2.44465026148
-3.88405861654
-7.36708051925
-6.25705390816
-8.91417945623
-10.5035984605
-8.1780768419
-8.77791741746
-7.4312849872
-8.21959458866
-9.67674960253
-13.2169982063
-13.7873081344
-13.0567737083
-16.2587089082
-10.9111516451
-10.4744999321
-5.26159514739
-2.23857970409
-2.76200441592
-2.33581172493
-4.97763086538
-5.83957219891
-6.12210817119
-6.71380668904
-7.49824750297
-3.04413323525
-4.39708096932
-3.88315243312
-3.99125817761
-5.38327120719
-5.13003665704
-7.93838160614
-4.8749247069
-7.06318653431
-4.53129697376
-0.131099195071
2.66418173561
6.95575238479
7.32433316944
7.53165169756
6.03280271365
5.91681366456
2.31908856633
1.79000863347
3.18403310601
5.03060509481
7.10943176664
8.50873992695
6.24497825878
5.57379650736
4.03342029503
2.18160641657
1.22132463841
1.66786527387
5.96694722823
8.64172700159
12.5119824759
14.1372618841
15.9820415121
