0.186397317279
0.360447334481
0.510988112336
0.629112493683
0.709016994375
0.748547159203
0.749386089315
0.716867775019
0.659433592729
0.587785252292
0.513817191999
0.449433005012
0.405361829671
0.390090636258
0.409016994375
0.463905318984
0.552699882294
0.669712951549
0.806169688138
0.951056516295
1.09218995888
1.21740135165
1.31572149906
1.37844933495
1.4
1.37844933495
1.31572149906
1.21740135165
1.09218995888
0.951056516295
0.806169688138
0.669712951549
0.552699882294
0.463905318984
0.409016994375
0.390090636258
0.405361829671
0.449433005012
0.513817191999
0.587785252292
0.659433592729
0.716867775019
0.749386089315
0.748547159203
0.709016994375
0.629112493683
0.510988112336
0.360447334481
0.186397317279
-3.43148696016e-16
-0.186397317279
-0.360447334481
-0.510988112336
-0.629112493683
-0.709016994375
-0.748547159203
-0.749386089315
-0.716867775019
-0.659433592729
-0.587785252292
-0.513817191999
-0.449433005012
-0.405361829671
-0.390090636258
-0.409016994375
-0.463905318984
-0.552699882294
-0.669712951549
-0.806169688138
-0.951056516295
-1.09218995888
-1.21740135165
-1.31572149906
-1.37844933495
-1.4
-1.37844933495
-1.31572149906
-1.21740135165
-1.09218995888
-0.951056516295
-0.806169688138
-0.669712951549
-0.552699882294
-0.463905318984
-0.409016994375
-0.390090636258
-0.405361829671
-0.449433005012
-0.513817191999
-0.587785252292
-0.659433592729
-0.716867775019
-0.749386089315
-0.748547159203
-0.709016994375
-0.629112493683
-0.510988112336
-0.360447334481
-0.186397317279
6.86297392032e-16
0.186397317279
0.360447334481
0.510988112336
0.629112493683
0.709016994375
0.748547159203
0.749386089315
0.716867775019
0.659433592729
0.587785252292
0.513817191999
0.449433005012
0.405361829671
0.390090636258
0.409016994375
0.463905318984
0.552699882294
0.669712951549
0.806169688138
0.951056516295
1.09218995888
1.21740135165
1.31572149906
1.37844933495
1.4
1.37844933495
1.31572149906
1.21740135165
1.09218995888
0.951056516295
0.806169688138
0.669712951549
0.552699882294
0.463905318984
0.409016994375
0.390090636258
0.405361829671
0.449433005012
0.513817191999
0.587785252292
0.659433592729
0.716867775019
0.749386089315
0.748547159203
0.709016994375
0.629112493683
0.510988112336
0.360447334481
0.186397317279
-3.18903352288e-16
-0.186397317279
-0.360447334481
-0.510988112336
-0.629112493683
-0.709016994375
-0.748547159203
-0.749386089315
-0.716867775019
-0.659433592729
-0.587785252292
-0.513817191999
-0.449433005012
-0.405361829671
-0.390090636258
-0.409016994375
-0.463905318984
-0.552699882294
-0.669712951549
-0.806169688138
-0.951056516295
-1.09218995888
-1.21740135165
-1.31572149906
-1.37844933495
-1.4
-1.37844933495
-1.31572149906
-1.21740135165
-1.09218995888
-0.951056516295
-0.806169688138
-0.669712951549
-0.552699882294
-0.463905318984
-0.409016994375
-0.390090636258
-0.405361829671
-0.449433005012
-0.513817191999
-0.587785252292
-0.659433592729
-0.716867775019
-0.749386089315
-0.748547159203
-0.709016994375
-0.629112493683
-0.510988112336
-0.360447334481
-0.186397317279
1.37259478406e-15
0.186397317279
0.360447334481
0.510988112336
0.629112493683
0.709016994375
0.748547159203
0.749386089315
0.716867775019
0.659433592729
0.587785252292
0.513817191999
0.449433005012
0.405361829671
0.390090636258
0.409016994375
0.463905318984
0.552699882294
0.669712951549
0.806169688138
0.951056516295
1.09218995888
1.21740135165
1.31572149906
1.37844933495
1.4
1.37844933495
1.31572149906
1.21740135165
1.09218995888
0.951056516295
0.806169688138
0.669712951549
0.552699882294
0.463905318984
0.409016994375
0.390090636258
0.405361829671
0.449433005012
0.513817191999
0.587785252292
0.659433592729
0.716867775019
0.749386089315
0.748547159203
0.709016994375
0.629112493683
0.510988112336
0.360447334481
0.186397317279
4.15884727201e-16
-0.186397317279
-0.360447334481
-0.510988112336
-0.629112493683
0.255
